111222444555664
111222444555672
111222444555680
111222444555698
111222444555706
111222444555714
111222444555722
111222444555730
111222444555748
111222444555755
111222444555763
111222444555771
111222444555789
111222444555797
111222444555805
111222444555813
111222444555821
111222444555839
111222444555847
111222444555854
111222444555862
111222444555870
111222444555888
111222444555896
111222444555904
111222444555912
111222444555920
111222444555938
111222444555946
111222444555953
111222444555961
111222444555979
111222444555987
111222444555995
111222444556001
111222444556019
111222444556027
111222444556035
111222444556043
111222444556050
111222444556068
111222444556076
111222444556084
111222444556092
111222444556100
111222444556118
111222444556126
111222444556134
111222444556142
111222444556159
111222444556167
111222444556175
111222444556183
111222444556191
111222444556209
111222444556217
111222444556225
111222444556233
111222444556241
111222444556258
111222444556266
111222444556274
111222444556282
111222444556290
111222444556308
111222444556316
111222444556324
111222444556332
111222444556340
111222444556357
111222444556365
111222444556373
111222444556381
111222444556399
111222444556407
111222444556415
111222444556423
111222444556431
111222444556449
111222444556456
111222444556464
111222444556472
111222444556480
111222444556498
111222444556506
111222444556514
111222444556522
111222444556530
111222444556548
111222444556555
111222444556563
111222444556571
111222444556589
111222444556597
111222444556605
111222444556613
111222444556621
111222444556639
111222444556647
111222444556654
111222444556662
111222444556670
111222444556688
111222444556696
111222444556704
111222444556712
111222444556720
111222444556738
111222444556746
111222444556753
111222444556761
111222444556779
111222444556787
111222444556795
111222444556803
111222444556811
111222444556829
111222444556837
111222444556845
111222444556852
111222444556860
111222444556878
111222444556886
111222444556894
111222444556902
111222444556910
111222444556928
111222444556936
111222444556944
111222444556951
111222444556969
111222444556977
111222444556985
111222444556993
111222444557009
111222444557017
111222444557025
111222444557033
111222444557041
111222444557058
111222444557066
111222444557074
111222444557082
111222444557090
111222444557108
111222444557116
111222444557124
111222444557132
111222444557140
111222444557157
111222444557165
111222444557173
111222444557181
111222444557199
111222444557207
111222444557215
111222444557223
111222444557231
111222444557249
111222444557256
111222444557264
111222444557272
111222444557280
111222444557298
111222444557306
111222444557314
111222444557322
111222444557330
111222444557348
111222444557355
111222444557363
111222444557371
111222444557389
111222444557397
111222444557405
111222444557413
111222444557421
111222444557439
111222444557447
111222444557454
111222444557462
111222444557470
111222444557488
111222444557496
111222444557504
111222444557512
111222444557520
111222444557538
111222444557546
111222444557553
111222444557561
111222444557579
111222444557587
111222444557595
111222444557603
111222444557611
111222444557629
111222444557637
111222444557645
111222444557652
